12
11.5
11
12
10.5
10
9
8.5
10
8.5
10
8
9.5
10
15
15.5
15.5
16
14.5
20.5
17.5
14.5
17.5
12.5
15
14
15
13.5
18.5
14.5
15.5
14
19
13
15.5
15.5
15.5
15.5
12
11.5
13.5
13
11.5
12
12
13.5
19
15
14.5
14
14
19.5
14.5
19
18
19
20.5
15.5
17
23.5
19.5
16.5
12
12
13.5
13
11.5
11
13.5
13.5
12.5
13.5
12.5
14
16
14
14.5
18
19.5
18
16
17
14.5
15
16.5
13
11.5
13
14.5
12.5
11.5
12
13
14.5
11
11
11
16.5
18
16
16.5
16
21
14
12.5
13
12.5
15
19
19.5
16.5
13.5
18.5
14
15.5
13
9.5
19.5
15.5
14
15.5
11
14
13.5
11
16.5
17
16
17
19
16.5
21
17
17
18
16.5
14
14.5
13.5
16
15.5
16.5
15.5
14.5
16.5
19
14.5
15.5
14
15
15.5
16
16
16
21
19.5
11.5
14
14.5
13.5
21
18.5
19
19
15
13.5
12
16
17
16
18.5
13.5
16.5
17
14.5
14
17
15
17
14.5
13.5
17.5
15.5
16.9
14.9
17.7
15.3
13
13
13.9
12.8
15.4
14.5
17.6
17.6
22.2
22.1
14.2
17.4
17.7
21
16.2
17.8
12.2
17
16.4
13.6
15.7
13.2
21.9
15.5
16.7
12.1
12
15
14
18.5
14.8
18.6
15.5
16.8
12.5
19
13.7
14.9
16.4
16.9
17.7
19
11.1
11.4
12.2
14.5
14.5
16
18.2
15.8
17
15.9
16.4
14.1
14.5
12.8
13.5
21.5
14.4
19.4
18.6
16.4
15.5
13.2
12.8
19.2
18.2
15.8
15.4
17.2
17.2
15.8
16.7
18.7
15.1
13.2
13.4
11.2
13.7
16.5
14.2
14.7
14.5
14.8
16.7
17.6
14.9
15.9
13.6
15.7
15.8
14.9
16.6
15.4
18.2
17.3
18.2
16.6
15.4
13.4
13.2
15.2
14.9
14.3
15
13
14
15.2
14.4
15
20.1
17.4
24.8
22.2
13.2
14.9
19.2
14.7
16
11.3
12.9
13.2
14.7
18.8
15.5
16.4
16.5
18.1
20.1
18.7
15.8
15.5
17.5
15
15.2
17.9
14.4
19.2
21.7
23.7
19.9
21.8
13.8
17.3
18
15.3
11.4
12.5
15.1
14.3
17
15.7
16.4
14.4
12.6
12.9
16.9
16.4
16.1
17.8
19.4
17.3
16
14.9
16.2
20.7
14.2
15.8
14.4
16.8
14.8
18.3
20.4
19.6
12.6
13.8
15.8
19
17.1
16.6
19.6
18.6
18
16.2
16
18
16.4
20.5
15.3
18.2
17.6
14.7
17.3
14.5
14.5
16.9
15
15.7
16.2
16.4
17
14.5
14.7
13.9
13
17.3
15.6
24.6
11.6
18.6
19.4