 34.9
 34.4
 33.9
 33.4
 33.1
 32.7
 32.5
 32.3
 32.1
 33.8
 36.4
 39.4
 42.1
 44.2
 45.6
 46.2
 45.8
 44.1
 41.2
 39.6
 38.2
 37.2
 36.3
 35.5
 34.9
 34.4
 33.9
 33.5
 33.1
 32.7
 32.5
 32.3
 32.1
 33.8
 36.6
 39.6
 42.4
 44.5
 46.0
 46.5
 46.1
 44.4
 41.5
 39.8
 38.5
 37.4
 36.5
 35.8
 35.1
 34.6
 34.1
 33.7
 33.3
 32.9
 32.7
 32.5
 32.3
 34.0
 36.7
 39.7
 42.5
 44.5
 45.9
 46.5
 46.0
 44.3
 41.5
 39.8
 38.5
 37.4
 36.5
 35.7
 35.0
 34.5
 34.0
 33.6
 33.1
 32.8
 32.5
 32.4
 32.2
 33.8
 36.6
 39.6
 42.3
 44.3
 45.6
 46.2
 45.7
 44.1
 41.3
 39.5
 38.3
 37.2
 36.4
 35.6
 34.8
 34.2
 33.7
 33.2
 32.8
 32.4
 32.2
 32.0
 31.8
 33.5
 36.3
 39.3
 42.1
 44.1
 45.5
 46.0
 45.6
 43.9
 41.1
 39.4
 38.2
 37.1
 36.3
 35.5
 34.8
 34.2
 33.7
 33.2
 32.8
 32.5
 32.2
 32.1
 31.8
 33.5
 36.3
 39.3
 42.0
 44.0
 45.3
 45.9
 45.5
 43.8
 41.1
 39.4
 38.1
 37.1
 36.2
 35.4
 34.7
 34.1
 33.6
 33.2
 32.8
 32.5
 32.2
 32.0
 31.8
 33.4
 36.2
 39.2
 41.9
 44.0
 45.3
 45.9
 45.4
 43.8
 41.0
 39.3
 38.0
 37.0
 36.1
 35.3
 34.6
 34.0
 33.4
 33.0
 32.6
 32.2
 32.0
 31.7
 31.5
 33.1
 35.9
 39.0
 41.6
 43.7
 45.1
 45.7
 45.2
 43.6
 40.8
 39.0
 37.7
 36.7
 35.7
 34.9
 34.3
 33.6
 33.1
 32.6
 32.2
 31.9
 31.6
 31.3
 31.1
 32.8
 35.6
 38.6
 41.3
 43.4
 44.8
 45.4
 45.0
 43.3
 40.5
 38.7
 37.5
 36.4
 35.4
 34.6
 34.0
 33.3
 32.8
 32.3
 31.8
 31.5
 31.3
 31.0
 30.8
 32.5
 35.4
 38.4
 41.1
 43.1
 44.6
 45.2
 44.8
 43.2
 40.3
 38.6
 37.3
 36.2
 35.2
 34.4
 33.8
 33.1
 32.6
 32.2
 31.7
 31.3
 31.1
 30.9
 30.7
 32.3
 35.2
 38.2
 40.9
 43.0
 44.4
 45.1
 44.7
 43.2
 40.3
 38.5
 37.2
 36.1
 35.1
 34.3
 33.7
 33.0
 32.6
 32.2
 31.7
 31.3
 31.0
 30.8
 30.6
 32.2
 35.0
 37.9
 40.6
 42.6
 44.1
 44.8
 44.4
 42.9
 40.0
 38.2
 36.9
 35.8
 34.9
 34.1
 33.4
 32.8
 32.3
 31.9
 31.4
 31.0
 30.8
 30.6
 30.4
 32.1
 34.8
 37.7
 40.3
 42.4
 43.8
 44.4
 44.1
 42.6
 39.7
 37.9
 36.7
 35.5
 34.6
 33.8
 33.1
 32.5
 32.0
 31.6
 31.0
 30.8
 30.5
 30.3
 30.1
 31.7
 34.5
 37.4
 40.1
 42.1
 43.5
 44.1
 43.8
 42.3
 39.4
 37.6
 36.4
 35.2
 34.2
 33.5
 32.8
 32.2
 31.7
 31.2
 30.7
 30.4
 30.2
 29.9
 29.7
 31.4
 34.2
 37.1
 39.8
 41.9
 43.4
 44.1
 43.7
 42.2
 39.4
 37.5
 36.3
 35.1
 34.1
 33.3
 32.7
 32.0
 31.5
 31.0
 30.5
 30.2
 30.0
 29.7
 29.5
 31.2
 34.1
 37.0
 39.8
 41.9
 43.5
 44.2
 43.8
 42.4
 39.6
 37.6
 36.4
 35.2
 34.2
 33.4
 32.7
 32.1
 31.6
 31.1
 30.5
 30.3
 30.1
 29.8
 29.6
 31.4
 34.2
 37.1
 39.9
 42.0
 43.5
 44.1
 43.8
 42.4
 39.5
 37.6
 36.4
 35.2
 34.2
 33.4
 32.7
 32.1
 31.6
 31.1
 30.5
 30.2
 30.0
 29.7
 29.5
 31.4
 34.1
 37.1
 39.9
 42.1
 43.6
 44.2
 43.9
 42.5
 39.6
 37.7
 36.4
 35.2
 34.2
 33.4
 32.7
 32.1
 31.5
 31.0
 30.4
 30.1
 29.9
 29.6
 29.4
 31.3
 34.0
 37.0
 39.8
 42.0
 43.6
 44.2
 43.9
 42.5
 39.7
 37.7
 36.4
 35.1
 34.1
 33.3
 32.6
 32.0
 31.4
 30.9
 30.4
 30.0
 29.7
 29.4
 29.3
 31.1
 33.9
 36.8
 39.6
 41.8
 43.4
 44.1
 43.8
 42.5
 39.6
 37.5
 36.2
 34.9
 33.9
 33.1
 32.4
 31.7
 31.1
 30.6
 30.1
 29.7
 29.4
 29.2
 29.0
 31.0
 33.8
 36.8
 39.7
 41.9
 43.5
 44.2
 43.9
 42.6
 39.7
 37.6
 36.2
 34.9
 33.9
 33.1
 32.4
 31.7
 31.2
 30.7
 30.1
 29.8
 29.5
 29.2
 29.1
 31.1
 34.0
 37.0
 39.9
 42.0
 43.7
 44.3
 44.0
 42.8
 39.9
 37.8
 36.4
 35.1
 34.1
 33.3
 32.5
 31.9
 31.4
 30.9
 30.4
 30.1
 29.8
 29.5
 29.4
 31.4
 34.2
 37.3
 40.2
 42.2
 43.9
 44.5
 44.2
 42.9
 40.1
 38.0
 36.7
 35.4
 34.4
 33.6
 32.8
 32.2
 31.6
 31.2
 30.6
 30.3
 30.0
 29.8
 29.7
 31.6
 34.4
 37.5
 40.3
 42.4
 44.1
 44.7
 44.5
 43.2
 40.4
 38.3
 36.9
 35.6
 34.6
 33.8
 33.0
 32.4
 31.8
 31.4
 30.9
 30.5
 30.2
 30.0
 29.8
 31.8
 34.6
 37.7
 40.6
 42.7
 44.4
 45.0
 44.8
 43.5
 40.7
 38.6
 37.2
 35.8
 34.8
 34.0
 33.1
 32.5
 31.9
 31.5
 31.0
 30.7
 30.3
 30.1
 30.0
 32.1
 34.9
 38.1
 41.0
 43.1
 44.8
 45.4
 45.1
 43.8
 41.0
 38.9
 37.4
 36.0
 34.9
 34.1
 33.2
 32.5
 31.9
 31.4
 30.9
 30.6
 30.2
 30.1
 30.1
 32.2
 35.2
 38.4
 41.4
 43.6
 45.3
 45.9
 45.7
 44.3
 41.6
 39.3
 37.8
 36.4
 35.3
 34.4
 33.5
 32.8
 32.3
 31.8
 31.3
 31.0
 30.6
 30.4
 30.4
 32.6
 35.6
 38.8
 41.7
 43.8
 45.5
 46.1
 45.9
 44.6
 41.8
 39.5
 37.9
 36.6
 35.5
 34.6
 33.7
 33.0
 32.5
 32.0
 31.5
 31.1
 30.7
 30.5
 30.4
 32.7
 35.7
 39.0
 41.8
 43.9
 45.6
 46.2
 46.0
 44.7
 41.9
 39.7
 38.1
 36.7
 35.6
 34.6
 33.8
 33.1
 32.5
 32.0
 31.5
 31.1
 30.7
 30.5
 30.5
 32.7
 35.8
 39.1
 41.9
 44.0
 45.7
 46.3
 46.1
 44.8
 42.1
 39.8
 38.2
 36.9
 35.7
 34.8
 33.9
 33.2
 32.7
 32.1
 31.7
 31.2
 30.8
 30.6
 30.6
 32.9
 36.0
 39.3
 42.1
 44.1
 45.8
 46.5
 46.2
 44.9
 42.2
 39.9
 38.2
 36.9
 35.7
 34.7